data/ultrasat/observing-scenarios.ecsv
# %ECSV 1.0
# ---
# datatype:
# - {name: coinc_event_id, datatype: int64}
# - {name: ifos, datatype: string}
# - {name: snr, datatype: float64}
# - {name: simulation_id, datatype: int64}
# - {name: far, datatype: float64}
# - {name: searched_area, datatype: float64}
# - {name: searched_prob, datatype: float64}
# - {name: searched_prob_dist, datatype: float64}
# - {name: searched_vol, datatype: float64}
# - {name: searched_prob_vol, datatype: float64}
# - {name: offset, datatype: float64}
# - {name: runtime, datatype: float64}
# - {name: distmean, datatype: float64}
# - {name: diststd, datatype: float64}
# - {name: log_bci, datatype: float64}
# - {name: log_bsn, datatype: float64}
# - {name: area(20), datatype: float64}
# - {name: area(50), datatype: float64}
# - {name: area(90), datatype: float64}
# - {name: dist(20), datatype: float64}
# - {name: dist(50), datatype: float64}
# - {name: dist(90), datatype: float64}
# - {name: vol(20), datatype: float64}
# - {name: vol(50), datatype: float64}
# - {name: vol(90), datatype: float64}
# - {name: longitude, datatype: float64}
# - {name: latitude, datatype: float64}
# - {name: inclination, datatype: float64}
# - {name: distance, datatype: float64}
# - {name: mass1, datatype: float64}
# - {name: mass2, datatype: float64}
# - {name: spin1z, datatype: float64}
# - {name: spin2z, datatype: float64}
# - {name: run, datatype: string}
# meta: !!omap
# - effective_rate:
#     O5a-HL: !astropy.units.Quantity
#       unit: !astropy.units.Unit {unit: 1 / (yr Mpc3)}
#       value: 4.7873491238872106e-06
#     O5a-HLV: !astropy.units.Quantity
#       unit: !astropy.units.Unit {unit: 1 / (yr Mpc3)}
#       value: 4.7873491238872106e-06
#     O5b-HLV: !astropy.units.Quantity
#       unit: !astropy.units.Unit {unit: 1 / (yr Mpc3)}
#       value: 3.7173173799253835e-06
#     O5c-HLV: !astropy.units.Quantity
#       unit: !astropy.units.Unit {unit: 1 / (yr Mpc3)}
#       value: 3.4054678165385202e-06
# schema: astropy-2.0
coinc_event_id ifos snr simulation_id far searched_area searched_prob searched_prob_dist searched_vol searched_prob_vol offset runtime distmean diststd log_bci log_bsn area(20) area(50) area(90) dist(20) dist(50) dist(90) vol(20) vol(50) vol(90) longitude latitude inclination distance mass1 mass2 spin1z spin2z run
[from data line 1406]
3176 H1,L1,V1 9.946283155835204 3176 0.0 186.63792435382004 0.29854414876415036 0.834334462151233 69938959.5747464 0.4943426708293747 25.112535080713656 129.79165454860777 1137.4815451691375 337.2712727286055 8.723366873061503 8.945273466568127 115.06411158179988 375.13132262116375 1303.0733437571669 172.59550487719616 458.96622149060784 1110.8436930831194 18964624.358484786 71319647.70951892 322542818.36099625 2.7742716 0.73657976 2.9470969 1466.5409 9.9293268 1.7827281 0.19449233 0.025135046 O5a-HLV
3184 H1,L1,V1 9.274905553250065 3184 0.0 91.64037488649466 0.24907228406335102 0.4311047568002249 5770224.126796855 0.17754035421184122 25.23526804341684 109.91497475653887 1119.1784131718741 379.7333577966525 10.072887488612702 8.906030913076913 67.72287239502376 263.0956365658019 1680.2581290119865 191.79858495049893 511.08901257453954 1240.914789695646 7100997.0278954655 41235711.55926904 477728747.30608886 1.9528207 -0.19139042 0.56358141 1015.2883 9.4265403 2.4885695 0.12245375 0.23465707 O5a-HLV
3186 H1,L1 9.575571505205144 3186 0.0 994.7727929863834 0.7124167374238799 0.27874286453653147 15076423.762915138 0.47546818833692633 37.06619657881188 60.310275161638856 559.521976535896 172.90311428518075 6.213077917086229 15.108665938360511 135.3571291589515 496.73409904305106 2172.465713342047 89.71374379997167 237.86720925407735 568.1846902273471 4228460.870437406 16459257.177874617 76185996.9866043 3.7198671 -0.019783232 0.7554301 451.57396 2.3080981 1.5554002 -0.085309517 -0.14162957 O5a-HLV
3191 H1,L1,V1 9.246861727619624 3191 0.0 12.222213708387665 0.030124498444255944 0.8196823927008652 27076112.405638237 0.1479821181101246 1.4914728522774499 121.24993247911334 1533.3993913338602 453.23589411628916 7.89423178777642 8.587449474021014 118.50699537665443 487.543412066352 1813.8576044410424 231.27292098761995 615.2449794281206 1492.4082217894102 42516267.81143474 187087999.05824834 895550343.392551 3.7093522 -0.66604255 0.43316171 1947.7249 12.970766 3.0552325 -0.12245901 -0.065193191 O5a-HLV
3197 H1,L1,V1 14.03044290972936 3197 0.0 169.8520514495933 0.5284814957193865 0.42031195493908147 3582037.6207810966 0.3481364836859671 179.5614951797097 132.4701291900128 641.6219030216591 172.078974939439 11.554356173335492 43.39043832027408 41.4336708443227 154.97399681260646 585.8238889335564 87.09883872379805 232.26805589925243 570.5773583418265 1581198.743216815 6564279.034337694 29506401.057078984 1.1766675 -0.88652163 2.3922629 607.00972 12.299077 1.5823924 0.023272191 0.12581119 O5a-HLV
3200 L1,V1 9.669762365853119 3200 0.0 5755.036525212119 0.7750300296412896 0.7005104488806654 115749148.30703776 0.7618191122728633 56.47809427286065 125.5765282344073 467.28356019255534 147.4653325408104 2.2907020346561957 13.404557590575514 288.5883802986586 2105.3359406601394 9288.901280470338 74.93694171443798 199.5499470967909 485.32671584679076 5109206.1770627685 39285720.58346595 218632064.17573264 5.1351704 0.036381865 0.50239838 540.38957 2.3190979 2.1641408 0.0039214534 0.051293685 O5a-HLV
3206 H1,L1 8.184635634664055 3206 0.0 192.56543572312282 0.14070440257868586 0.14467786597087734 7172289.923721012 0.15566768815942394 21.312141427762153 52.57941618701443 582.5929125800947 194.41970171431512 4.621230573091696 7.732852790412773 287.3565438186323 917.7830202973703 3387.0999256996165 102.25757355131907 270.610987895278 638.591280996133 9598188.725438176 31988610.398896087 147835552.35976467 0.72482725 0.69197415 1.2481028 372.20218 1.7391166 1.4215002 0.24652802 0.021213563 O5a-HLV
3210 H1,L1 43.22803999712058 3210 0.0 65.71406962738709 0.8651222612070151 0.8874739466230693 106471.68146102864 0.90718240001392 3.84097778176313 57.30288059171289 171.82946269303392 40.92028392026631 12.775247702321678 614.72026657364 4.862571641560677 17.025886839784263 81.90497368896877 20.451876078008155 54.66485235511479 136.39916999221535 4467.523759730408 18265.21914887031 101166.06427022754 6.0636713 -0.70811941 0.15407743 220.98951 8.5241715 1.4494232 -0.14193554 0.14907717 O5a-HLV
3215 H1,L1,V1 17.17051161055565 3215 0.0 64.74363635011105 0.3260224022548607 0.8682258533004167 922872.8323731546 0.5144381787526388 11.151626551740497 151.1705509275198 371.1163151984686 83.57216586959012 11.559831277714864 77.16696043670503 37.07803717347695 112.74040135390226 368.81601446930216 41.39634106455537 110.56605857606115 275.19589392502803 237732.2132816262 877203.7802924789 3839554.89048228 4.0501979 0.63152129 2.6133313 463.30373 58.529205 1.2578498 0.26863078 -0.026809709 O5a-HLV
3221 H1,L1,V1 29.01250058408246 3221 0.0 8.976507814797152 0.63319194160013 0.9286605999227351 11691.991828222981 0.7780642205986027 2.4762623780910555 150.52592153195292 151.2844095587414 28.59400788079145 14.653416468616342 258.01185655081264 1.587081490864999 5.767971747455292 32.990750438608494 14.375306808335864 38.30573980143001 93.93596148541614 776.3204901449294 3309.585020322475 26176.651975634348 4.5819882 0.53843197 0.19405926 193.40088 1.8169043 1.3850313 0.049378083 0.062261061 O5a-HLV
3224 H1,L1,V1 9.852966225752846 3224 0.0 87.81109763021641 0.30484701854648105 0.5383190565443728 7655210.902497494 0.2891553072070592 8.971939943408062 139.7233742850367 1026.4366145687604 327.26885536728247 9.970756430371937 12.412690881169622 42.8879393314368 261.84247912690404 1240.5132158477752 165.32050433287293 441.0808458295512 1073.040145507151 3679493.643390818 35783625.61792482 265554010.88476405 3.4408129 0.15051952 2.7653747 1028.4894 6.641574 2.8443641 0.090914802 -0.03173689 O5a-HLV
3230 H1,V1 11.93951062198581 3230 0.0 72.46776067869315 0.6998475878403597 0.5043269694922491 1326223.3635781459 0.5301115501890288 14.449877624094242 94.47337088733912 580.0959648757708 148.13190386685952 5.756674637215038 25.412078831780807 11.834802910570568 40.00272556034231 167.08375413852104 71.38546945145265 190.87683517140005 486.7869447906018 295876.3178571936 1189611.3731525033 6061005.1413437305 5.9846342 -1.3269434 2.3378311 587.32985 9.2411 3.045561 0.0068147333 0.14251897 O5a-HLV
3248 H1,L1,V1 8.896200677000756 3248 0.0 45.21694513575222 0.12423712778581879 0.4154917374104813 728889.1052243095 0.09345492890602695 9.07586953520106 136.98169504397083 593.2416744190836 185.61000988261813 9.0698530654956 7.652132343752199 78.99102196759365 272.75439431869216 985.520935744402 95.27453830655179 253.17070535282687 610.6169031337049 2067131.8063263001 9499375.354761953 50359956.06078276 0.25219339 0.38111167 0.67783788 545.48005 1.9427886 1.4218527 0.0050929158 -0.097600224 O5a-HLV
3256 H1,V1 8.586821424314602 3256 0.0 91.69283073931932 0.04171474544816824 0.014577933506830513 8628812.414936602 0.12730552049961547 5.241541147196957 99.77095724176615 522.3018485761229 177.02192327774128 1.8895579487839278 8.245171708196626 746.590238052931 2894.020067842798 10535.448575800408 91.53894083756421 243.13063942673244 584.0158160800021 17951082.754389327 82940416.18062755 370056520.0813008 1.0066939 0.76790559 1.5652688 171.30929 2.4561488 1.521307 0.078047775 -0.0065975654 O5a-HLV
3264 L1 8.407526623191876 3264 0.0 4714.312405150595 0.2954019754152239 0.7081269911448422 644534443.8490834 0.44652752570933774 27.913787530765372 36.72578507603612 764.8363704147025 287.5626412732963 -0.00033614600799225 11.733880164621173 3037.37658501743 9070.50005023752 25916.558863798 151.70660631856208 400.21972777238875 939.673161440437 273637219.5885893 735478166.3315824 1893969141.3167615 0.84669973 -0.40337177 0.59575305 912.4189 10.254307 2.3399183 -0.11288819 -0.007135707 O5a-HLV
3265 H1,L1 8.393663556766004 3265 0.0 339.07463266531823 0.15517432457733937 0.7968269830594752 157049451.8461426 0.3071521198860339 166.3202330672484 67.39854637440294 1119.2070501118715 402.67852717900996 3.042727324760179 8.424930598692718 460.2697026957624 1627.9866285677958 6096.9998532907 212.92487386920152 563.7833183464983 1328.2265863120972 89780746.93666428 323812643.0144984 1274733987.2223232 0.74284699 0.87146571 2.7657794 1460.28 15.470939 1.6174659 0.0072153927 -0.00027280835 O5a-HLV
3270 L1 14.17594314014599 3270 0.0 3505.7295560467373 0.24660578701747793 0.40354612529626527 7266410.1871596165 0.32470991662453674 155.7741918959375 31.065554616972804 182.3331841253546 59.012222632097476 -0.00033981239462121 53.70956005817876 2773.6810165656593 8357.294124150289 24737.830554057953 31.626512310484486 83.2164245196505 193.04961504055893 4383932.58015313 11771663.04566321 30110394.617208503 1.521299 -0.3419864 2.1941861 164.46443 1.7579365 1.1616952 -0.14701402 0.085921011 O5a-HLV
3279 L1 40.03473334504863 3279 0.0 18414.102575933553 0.8061784771866239 0.41141588632362 3411849.7921149 0.718445105330178 128.05392649527457 20.10662600118667 103.16600010954522 31.859018023563237 -0.00035235525513144 530.5094886592199 2728.657685906116 8235.010658030174 24526.652422872212 17.131268835028365 45.088585751110045 104.2507950844121 786040.1383789456 2108606.3117303755 5363294.455869404 2.3956942 1.2112369 0.30654475 94.557462 9.2935123 1.2244996 -0.094354854 -0.018384474 O5a-HLV
3287 H1,L1 11.72561153731081 3287 0.0 331.25871059424253 0.5228458882225298 0.5364596174304324 1896511.457850319 0.4279322494294705 40.837204058169526 56.34466009796597 343.0643392142995 101.18307198770877 6.670873444603398 28.745327118037846 90.9249098434986 307.3827883546815 1359.216258751487 52.51125813675753 139.39245296627735 333.04239398557405 684826.7366834374 2460638.2692219415 11749432.598860698 5.2391451 -1.3762359 0.52012663 350.0279 1.4904248 1.3710335 -0.063267112 -0.26435071 O5a-HLV
3296 H1,L1,V1 9.118423440334574 3296 0.0 178.87445813561828 0.3327401276197659 0.5450572027691656 4664463.1714549055 0.2650176668514543 140.6642085529968 140.71950369980186 634.3502245213508 185.19051592937993 8.309620757966794 8.703122929220534 84.13151738783479 331.96552406186646 1208.9235653284256 94.4647917679805 251.25970299928377 609.5306914467377 2943908.0588570293 13961335.147024602 69489296.77113128 1.5105828 0.4590145 2.2341198 650.37401 1.8844261 1.487234 -0.063179597 -0.083692553 O5a-HLV
3305 H1,L1,V1 10.41914733291277 3305 0.0 126.41860530993056 0.3300201655109777 0.4650363150514721 1492946.1415896455 0.2080685838516688 31.89469477168206 133.15489829238504 544.2251124113782 151.33576498039523 9.88935950702566 15.84419031637314 53.72140332830028 251.65793910868433 1016.4054370010755 76.63254528977905 204.04158540079027 498.04459418029444 1392278.280076374 7167801.529497091 36850971.287703164 5.5262749 0.29359639 0.56983896 528.35122 1.9945384 1.4291158 0.039240767 0.054876387 O5a-HLV
3314 H1,L1,V1 8.319025881701002 3314 0.0 952.8081107258549 0.5554489159211218 0.5096933863023488 150424517.64135423 0.46181745891410003 125.88276216095798 119.13107795827091 1229.3028630660742 367.0462441161016 7.684620827098538 2.582631665207682 160.70955701092538 765.5295975209758 3308.8206727114753 188.30537058998766 500.5554256817553 1209.3980773502353 33748717.23565151 177830470.45834836 979147331.3985629 3.868923 -0.51051495 2.7159078 1229.9295 3.6074519 3.3459239 0.1415247 0.0036732885 O5a-HLV
3321 H1,L1,V1 9.214719612743876 3321 0.0 21.847862701903637 0.12275811491593053 0.4082474864154071 506546.25339580653 0.09371407309698375 2.354934996731714 147.03045979887247 689.3454850888911 201.2614795309982 9.171650491601289 8.785417165961194 47.52835483997084 255.27458381437472 1117.647022094015 101.45517169565005 270.44037750803943 662.088183123724 1926890.3028332426 13268751.780575942 86607637.43165362 5.3440715 -0.89329148 0.45686234 634.60615 2.0438487 2.0205207 0.0039942999 0.08984882 O5a-HLV
3322 H1,L1,V1 9.181861943407746 3322 0.0 113.0948186922051 0.17717130873736425 0.22765331203926611 13520601.544478701 0.08340407005216344 25.297860644682896 126.86068938393146 1483.9853253109177 438.4649573867856 9.469492492063445 8.574347398827754 131.34942266305248 448.67823843736966 1513.7065078802013 223.80665130726584 595.3644352293395 1444.061211595244 41129577.18259693 158366106.95509338 692565295.228013 3.7014265 0.3997964 2.1989367 1149.5551 12.610649 2.7437112 0.12240584 -0.096070402 O5a-HLV
3326 H1,L1,V1 10.90419423253104 3326 0.0 175.25500429064013 0.6010571932494596 0.8410644048804948 5404423.883597495 0.7033339432940583 27.615329327455203 134.3805126864463 462.2454429894589 127.05071190946735 8.972770330773578 17.192625861093354 17.023650676164113 109.21460933612249 624.5158389649612 64.05748206439807 170.6817255915492 418.24717410092165 284557.2902325449 2067375.9432169148 14597565.54156777 0.9654514 -0.28699296 0.23375257 588.64105 1.6073912 1.5446505 0.25666401 -0.011747991 O5a-HLV
3327 H1,L1 9.04274891104129 3327 0.0 1014.2863702375388 0.7146225271329864 0.6872423009374014 47718294.86147051 0.6948857353244927 17.6259161370009 64.10738087818027 644.2871107347291 202.04166887108082 6.058649230219629 12.513642096746853 162.19003610827684 534.6867665402788 1988.8110682158158 104.72453221548699 277.96158619331777 664.9151321623655 7289737.487526804 25874894.229912672 103906726.93828167 5.5875576 0.41015666 0.6895136 739.85138 2.2754344 1.8975573 -0.037422026 0.25798858 O5a-HLV
3331 H1,L1 9.82750364443587 3331 0.0 251.31599088789363 0.4213710579932038 0.09450725954437067 2688652.1206879183 0.3069740229458446 29.06884344505332 70.0082793579204 444.5135550932621 138.75959052453598 5.464341561782099 15.809662700830277 92.96195848222413 333.4867440413559 1917.7671576978737 71.36547001370644 189.5625734276004 457.0802800129479 1536967.8177288547 5815551.986149404 35294089.62018509 4.2604994 -1.397823 1.7807312 264.09798 2.0263844 1.3942545 -0.098238799 -0.062102342 O5a-HLV
3332 H1,V1 10.82871669868272 3332 0.0 677.1001482740129 0.7835912680744852 0.7811438834277895 5622543.443274665 0.7868985523067651 13.43488746269275 124.687987848185 332.4063454254332 107.58455960395995 3.0671438410262013 18.756967062463932 54.0830619936843 218.07417177818903 2040.789567567967 57.50602786771333 150.81628673651448 349.9917941631099 294132.5897163256 1368502.2393365712 22070267.88556269 0.38040081 -0.89353286 2.4545684 415.98823 1.9962453 1.5188074 0.008484695 0.11229352 O5a-HLV
3337 H1,L1 8.546201253576243 3337 0.0 120.91074076323265 0.1416815532608201 0.5486359206952526 9764821.596009862 0.18240193502493496 7.5901307725759795 69.87647427339107 829.280297136834 319.85356834937943 1.434711349140814 6.076041732574245 178.74235150773833 589.2611336926122 2198.437201932328 155.51635933087994 416.2270784698545 1050.7396938803133 11060284.089582516 47743997.39286237 297128784.19022286 1.6290975 -0.76093166 0.60840075 838.90113 6.6465455 3.0830509 0.028948949 0.00077778515 O5a-HLV
3339 H1,L1,V1 14.3148420332795 3339 0.0 380.3573888390853 0.8222617402906618 0.11324804689989001 20656176.258540895 0.7024333350959139 143.28098804965836 92.26587975863367 799.147843337351 224.73278765410276 11.397425977485597 44.89864171529198 31.048268381870606 124.31142148396818 525.7615141215384 114.89363498966725 306.10371594411276 742.7421480876897 2207025.1174459546 9924697.551716255 47141855.653904855 1.7224036 0.6745089 1.1150657 523.26925 10.39747 3.0524703 0.042093713 0.012861743 O5a-HLV
3348 H1,L1,V1 8.621096185528465 3348 0.0 43.69572540380674 0.07489754066923753 0.5784290605751939 10077502.757520951 0.1796131291113541 7.29749479027143 139.49895846936852 995.0282874633707 352.9727126968215 7.466915343854261 5.7504664926322455 139.28529497836405 759.6255820353726 3386.428160136886 173.96758315005206 465.7981064549531 1156.9941113008658 12056594.403664941 104712307.76406093 710234823.8110001 2.1452351 -0.90251424 2.8946532 1031.0074 24.364801 1.8822861 -0.071545423 -0.08718023 O5a-HLV
