data/ultrasat/observing-scenarios.ecsv
# %ECSV 1.0
# ---
# datatype:
# - {name: coinc_event_id, datatype: int64}
# - {name: ifos, datatype: string}
# - {name: snr, datatype: float64}
# - {name: simulation_id, datatype: int64}
# - {name: far, datatype: float64}
# - {name: searched_area, datatype: float64}
# - {name: searched_prob, datatype: float64}
# - {name: searched_prob_dist, datatype: float64}
# - {name: searched_vol, datatype: float64}
# - {name: searched_prob_vol, datatype: float64}
# - {name: offset, datatype: float64}
# - {name: runtime, datatype: float64}
# - {name: distmean, datatype: float64}
# - {name: diststd, datatype: float64}
# - {name: log_bci, datatype: float64}
# - {name: log_bsn, datatype: float64}
# - {name: area(20), datatype: float64}
# - {name: area(50), datatype: float64}
# - {name: area(90), datatype: float64}
# - {name: dist(20), datatype: float64}
# - {name: dist(50), datatype: float64}
# - {name: dist(90), datatype: float64}
# - {name: vol(20), datatype: float64}
# - {name: vol(50), datatype: float64}
# - {name: vol(90), datatype: float64}
# - {name: longitude, datatype: float64}
# - {name: latitude, datatype: float64}
# - {name: inclination, datatype: float64}
# - {name: distance, datatype: float64}
# - {name: mass1, datatype: float64}
# - {name: mass2, datatype: float64}
# - {name: spin1z, datatype: float64}
# - {name: spin2z, datatype: float64}
# - {name: run, datatype: string}
# meta: !!omap
# - effective_rate:
#     O5a-HL: !astropy.units.Quantity
#       unit: !astropy.units.Unit {unit: 1 / (yr Mpc3)}
#       value: 4.7873491238872106e-06
#     O5a-HLV: !astropy.units.Quantity
#       unit: !astropy.units.Unit {unit: 1 / (yr Mpc3)}
#       value: 4.7873491238872106e-06
#     O5b-HLV: !astropy.units.Quantity
#       unit: !astropy.units.Unit {unit: 1 / (yr Mpc3)}
#       value: 3.7173173799253835e-06
#     O5c-HLV: !astropy.units.Quantity
#       unit: !astropy.units.Unit {unit: 1 / (yr Mpc3)}
#       value: 3.4054678165385202e-06
# schema: astropy-2.0
coinc_event_id ifos snr simulation_id far searched_area searched_prob searched_prob_dist searched_vol searched_prob_vol offset runtime distmean diststd log_bci log_bsn area(20) area(50) area(90) dist(20) dist(50) dist(90) vol(20) vol(50) vol(90) longitude latitude inclination distance mass1 mass2 spin1z spin2z run
[from data line 1311]
2592 H1,L1,V1 8.419313244939351 2592 0.0 431.18711022719657 0.4891396004150125 0.10631345010414817 139704257.57170323 0.40694871123451154 4.352584597780156 154.84083854791243 1631.127211322158 477.8692761348959 9.550568991901535 5.714815477348062 118.16647916769946 446.9047282634747 1883.080610098923 244.3835282480827 649.9242477887062 1574.1972842959365 46550529.26023087 201822979.9857395 1090393586.566207 5.6467952 -0.41655079 2.2517887 1037.9835 12.323148 3.0040218 -0.11024363 0.025338793 O5a-HLV
2595 H1,L1,V1 8.067678413879207 2595 0.0 167.43908221961814 0.22498987649758292 0.81935979976928 89445855.63494736 0.2831926374211161 42.75095055018445 120.56338727474213 1481.6328917649594 428.22877392746693 6.018801968862546 1.551097970376768 139.478867085371 899.7252280589051 5389.179792530535 218.7365581449269 581.9277910522194 1411.6829181360542 47184998.939854905 328302022.71409905 2355583724.6164665 1.7363422 -0.20557837 0.42617212 1873.5278 10.639212 1.9262599 0.42042256 0.012866579 O5a-HLV
2604 L1,V1 9.216747134602558 2604 0.0 179.60884007517586 0.4010296204898922 0.6361297201782614 1369848.457493445 0.3927920908224826 170.1659988725125 72.17404896393418 347.31029995642655 108.059667663822 3.715805727378955 9.673374597706372 66.46982034478107 265.4753880659273 2155.980802142387 52.65127221898638 140.9722785204463 353.56308550296103 453322.8113467297 2135151.987717461 24887616.98077656 1.2880272 1.0456438 2.8626611 379.59305 1.5074809 1.3228976 0.043761278 -0.021162055 O5a-HLV
2605 H1,L1 8.35215854939109 2605 0.0 5953.109825481885 0.727058560817582 0.5505182052631024 228302865.84492016 0.7072148435425483 55.39833114028368 67.48098250385374 519.6926903352323 245.03135565045105 -1.323479636493305 1.1447964744829187 290.786845079212 1989.345105303369 14095.945258576 147.48298541738 379.8786937274704 909.9704316249813 2571042.139150212 55050254.1096395 882970273.9860874 4.6941615 0.22125918 2.5043594 554.74762 1.4775653 1.4293293 0.028715291 -0.02617245 O5a-HLV
2614 V1 33.7671621455726 2614 0.0 8040.433121123117 0.4927329903018078 0.4405156831926995 31255.861518057587 0.0145049905156091 35.69049587519296 29.5630068089813 84.41469149121193 26.08204111874076 -0.00029009826096171 372.55387787300555 2717.43237054053 8204.544703315247 24472.94990884275 14.021282520674433 36.90645432026359 85.35443286478144 436715.8628058198 1171843.9615192106 2985422.514982236 0.3603589 0.23690539 2.2797495 79.408184 27.879743 1.4931135 0.28344472 0.011719635 O5a-HLV
2620 L1 9.059065124568857 2620 0.0 4526.310628623328 0.29985408391949014 0.7590983038527682 98695847.29697624 0.5606090768588967 152.885359474592 30.696849526837468 352.2022322613414 126.56470255149999 -0.00035674548670172 15.220526622819303 2861.0454110294536 8594.346643830313 25140.04901541943 67.08769922799632 176.80402282501058 413.74444396698857 31788971.15279669 85702249.46521012 224027141.60230097 4.5585745 0.072845463 0.54674102 439.95753 1.7238948 1.6495857 0.069926573 -0.070018588 O5a-HLV
2628 H1,L1 13.58025035064665 2628 0.0 3006.349837146141 0.9977412508915683 0.01212906585014082 52012632.52059463 0.9771908312437421 111.44017299542536 57.91696408390999 520.4069836330375 144.2107079258525 8.043288497791139 43.761423455602596 82.01205356199178 283.5877556963758 1046.168528309841 74.3481197193326 197.47091410083834 474.5486050172568 1772188.0037675889 6698362.638491567 28070412.26172264 0.0034038988 0.71178088 1.719626 218.01548 9.9050321 1.3691086 0.04030518 0.096174688 O5a-HLV
2630 H1,L1 9.68414253641832 2630 0.0 2610.8327068409644 0.7506683647595612 0.07139673001129164 381360986.4811803 0.6403595537916026 45.61442497307593 55.71806997898966 1153.7659381236633 375.0128497633507 6.385059052094622 17.217668931488742 397.67276229312625 1286.553511572829 4274.906099603335 197.18770539283378 522.233498745656 1230.8528891333845 79104926.68793848 254124119.7013144 904349246.0474445 3.5338021 -0.92572878 0.97175345 618.38839 54.676146 2.4896001 0.035797641 0.0877001 O5a-HLV
2644 H1,L1,V1 9.272913340402443 2644 0.0 186.11336582556316 0.30162714315426686 0.3340290779449622 2376637.047229213 0.12018939077824035 169.81815804800743 135.9001671988517 657.8682757916156 191.56481170746775 6.2704402547971725 7.343001324920003 111.59049647655641 375.1150094865786 1363.2065112867597 97.88148293654979 260.33438892262075 631.1165386084026 4562925.588058476 17913110.60416954 85819348.22554289 1.7200887 0.42122924 2.6445701 571.90641 1.9911821 1.3628693 0.08487909 0.013449985 O5a-HLV
2649 L1,V1 8.214982897168504 2649 0.0 8493.651689537397 0.752778175515246 0.7378680987688061 231981189.6119236 0.740446437795029 143.87948429891725 126.2709218498785 505.4518599559485 181.12986916160312 1.607407515373228 5.197326940585159 1441.9943809953338 4645.774050440792 12527.322164764062 93.3976996759227 248.01716025926913 596.9564396715485 29092432.22462912 110737188.32602333 424870641.44617003 0.72932518 0.76853439 2.5919435 616.82903 2.0072042 1.3949633 0.12855346 0.046078985 O5a-HLV
2650 H1,L1,V1 8.292783258108786 2650 0.0 25.860735443069615 0.12667941906555585 0.41039557616501504 920625.7659759 0.08395060752953623 4.685296144611291 86.40501638874412 800.3918183673597 230.85346276689103 5.314415885569466 1.153580416132736 49.134457410962234 309.26991403682956 3947.171983548518 117.9859137294045 313.8194621593019 760.5162015576232 3285240.1667724284 26886055.284242794 416093440.5193917 3.6845846 -0.40360489 2.5388099 743.36483 2.2048393 1.5043767 -0.040777853 0.18064024 O5a-HLV
2666 H1,L1,V1 8.248635213418394 2666 0.0 5.783257774033319 0.08614257398043404 0.12634416653428573 4625.518482236827 0.01880885251297584 1.9890610933542117 123.12327023874968 459.72856346487964 213.76576985846873 4.466636839831089 0.37179333827805683 16.782903778012468 325.3686563463467 7178.141578225289 111.64791933666521 300.2928131104135 688.3215240191167 102254.95936714562 5218023.042858173 367969496.9615556 4.1386094 -0.064657974 2.3812182 236.12829 1.5430575 1.2246014 0.040369413 -0.12685931 O5a-HLV
2669 H1,L1,V1 12.94144944777856 2669 0.0 186.90020361793702 0.702602564973203 0.10677063335091819 15014985.944694765 0.6838462493277626 13.638139291554117 137.90839459281415 818.601028753965 220.58843641512323 11.47785201724065 32.702966633614736 22.840324962063132 95.55207903706818 422.289520918989 111.4192463813265 296.91562757503414 726.8304362918353 1509617.2291302485 7388869.126512023 43592460.99035982 4.6213889 0.55833951 1.8399395 547.22665 9.2892025 2.7855528 -0.002657168 -0.092297291 O5a-HLV
2672 H1,L1,V1 10.04295206890312 2672 0.0 29.283479839945773 0.18184563412666815 0.1143605551590328 3394420.86214893 0.206540581454407 32.22111492808332 139.83646647725254 919.4078800000901 266.31213462247365 10.003157269251204 13.531642050530845 33.39106401734394 137.1598147815162 928.0437031323295 134.6994705755635 358.68134448986154 875.7563372473032 3234216.11670673 16672068.72403129 122271180.38319294 5.9598588 0.44966949 2.1227225 601.97987 15.222778 1.7418103 0.01542161 0.012535043 O5a-HLV
2674 H1,L1,V1 9.37861016435776 2674 0.0 187.52967385185673 0.2832532764292387 0.6418181413628907 41125105.721795894 0.2765865326327427 145.82440787155565 84.20370920654386 1307.1136127423424 409.8530350483036 8.66036731185182 8.079371626432978 117.9666044832016 421.81524477487915 1488.81212989445 210.17355004309547 558.6033873867557 1349.1294668939408 25306156.677297503 109037529.19010553 527056077.33295834 1.918482 0.9206249 2.4987432 1445.5882 6.0994384 3.7781312 0.074216834 -0.046684917 O5a-HLV
2677 L1,V1 11.61138583050493 2677 0.0 657.3767476116066 0.32174509546193686 0.7349612895745689 3894001.6145465374 0.36834834469045674 49.20739053543478 128.4700143178925 284.7284089217744 84.76768710252571 1.6937749472244015 24.972652405154186 272.2403656556041 1597.5719700116515 7736.176501097687 43.41038738321481 115.35927440024238 278.5539344329524 1158239.046820785 7495056.340951346 44448218.44470563 3.4999306 -0.58717061 2.4863021 336.48063 1.6892943 1.4468193 -0.31250275 0.044440635 O5a-HLV
2679 H1,L1 10.17690612719632 2679 0.0 378.20669887323356 0.3544897977440074 0.9820754408747239 441476016.149155 0.9273431057485059 147.28301554198111 35.969981919042766 1120.39467231128 353.83141933038405 6.830525445619919 18.177796379717634 191.9627011333894 594.5295361915787 1894.9562843083643 185.03468750750426 490.3288302857833 1161.5454904181677 32199840.61260877 103816839.96121006 379893257.689705 2.7198279 -0.72064794 2.8760709 1904.1497 10.814914 3.1982656 0.15546029 0.10211496 O5a-HLV
2686 H1,L1,V1 9.238208118804025 2686 0.0 26.03121696475268 0.35050770708418694 0.6689632445535404 540099.0856940341 0.5263280384215905 8.24057933322316 111.67904654797167 398.8405830596997 165.75417725672915 6.469540661329004 4.172329080748236 12.654775533681132 44.27497928900293 243.94396415531105 79.2868804299817 211.95927849818008 534.7924888659599 110150.0076055547 482322.0605407351 5744552.245794441 3.9918656 -0.73431124 2.5808931 452.38748 1.8089213 1.5954179 0.087325381 0.0099211462 O5a-HLV
2693 H1,L1,V1 8.748819862026627 2693 0.0 1087.304917370935 0.7489450207856794 0.3888332411718595 103619755.49924062 0.6069273221978335 13.476769273088228 119.2003366049612 996.9223648729854 319.8353451873857 7.224877695955238 5.847332459927516 158.83705815798837 506.59635825874045 2323.566670567519 163.05029370214936 433.769131336491 1054.5391181824912 19498765.025101405 71413374.45762666 449967371.3488069 0.48665282 1.0730163 2.5479933 895.8673 11.005725 1.6059463 0.02043875 -0.066694971 O5a-HLV
2700 H1,L1,V1 8.415805459941689 2700 0.0 123.21879828756359 0.24866945976280883 0.513940811531349 4113453.0624321452 0.2074472740053975 112.92960007355254 123.48280680552125 678.8294548661286 219.66656298455038 6.190592621952568 2.475662106171594 89.82871736997781 510.13819160634836 3474.4951118709905 114.42788107589354 303.15866897521187 722.1085795292038 3875439.6287457803 26465833.83494735 258472396.14644024 1.9674458 -0.62321734 2.8099733 679.08927 1.7987029 1.5799548 0.099953566 -0.0022284106 O5a-HLV
2701 H1,L1,V1 9.83496874302659 2701 0.0 6.5963234928314645 0.06972402791657552 0.8723987091749646 3099781.911748001 0.13159419969549882 1.9007420383949596 131.98854017001577 1097.3389027532107 319.7558572999909 9.984010393881835 11.533597668424473 46.85136079159067 278.52402315813976 1355.6766831044047 162.58362010929636 432.72887715196305 1052.8763370723445 7876619.385195425 49304889.83525507 299847193.8787375 2.0777613 -0.59447055 0.23179542 1463.7015 11.455551 2.0538995 -0.080839628 0.11076653 O5a-HLV
2710 H1,L1 13.16349347806244 2710 0.0 71.18259228447347 0.1792966005777267 0.5224698826837308 40686.19819923867 0.046399270176025645 14.754336118482135 61.1281352667138 243.1435898747202 62.596272231355094 6.229202856385978 39.05594984066616 80.2707623687185 246.9158525122438 844.9519323510032 31.49542325324589 83.92590107642008 205.69683706611886 204320.19136309123 704463.8451575177 2974243.0794693143 1.450573 0.30272779 2.5975659 245.09571 1.9360665 1.2831267 0.0042526302 0.018292076 O5a-HLV
2717 H1,L1,V1 11.1387654940383 2717 0.0 39.3681175456822 0.7747167915391375 0.29487748998491947 256881.68633440748 0.5911839860569813 4.3321550270106055 109.99813247378916 393.91350386945226 101.92468157137246 9.271804793254681 17.984457229494623 5.176596214610841 17.180577657288396 64.71721995343701 51.51413161530445 137.1632862317437 334.86115336929197 47093.61263252291 184879.33233480714 990292.3709894534 3.0292448 0.98308207 2.4729979 337.55181 38.669096 2.2437151 -0.19860996 0.040472009 O5a-HLV
2719 H1,L1 17.01224223316966 2719 0.0 65.51736017928994 0.41778340736439795 0.7623037050312932 579850.3194484883 0.4465626675128784 7.719455239158734 62.14637262839824 351.0510892519054 86.8049150677388 8.03240999498955 77.1695670565325 25.293445760899537 86.48658259732689 356.97139644751434 43.91070579598181 116.95604976143778 286.0730048048198 176975.03614289055 709996.3127084168 3390321.368128028 5.0979256 0.68267848 0.50936063 412.59459 9.2566657 1.5220663 0.0062520877 0.088578884 O5a-HLV
2720 L1,V1 13.61506118932213 2720 0.0 11.107526835841393 0.16768264085888343 0.7307150631793609 386629.27161821915 0.353899921745773 4.251597481961425 109.5077844215557 470.00105178061443 137.79051401588603 4.976932566249687 39.68986121795883 13.584410395516233 43.90539198267088 219.23437620210277 59.14484783221434 158.5601377955142 417.70467721838867 177029.46538949796 679450.8372068384 5173424.144528457 5.81752 0.88829227 0.42496996 534.90571 44.746017 3.191628 0.12542834 -0.027019657 O5a-HLV
2722 H1,V1 10.41021150806809 2722 0.0 168.4357434233062 0.23851817442884513 0.5989995950242961 1326162.6017251285 0.2965204371747462 64.96845060461015 132.0917434412986 328.1914161720741 101.66437922067557 1.724145673982573 16.289503174634934 132.42673492845154 671.626336696464 5367.196752927618 51.74069726309307 137.61924128211837 334.45236993933645 643426.2507781932 4831071.901715097 56423704.50640085 4.9914301 0.50666639 0.2167517 349.20537 1.7503563 1.2841938 -0.190322 -0.067083963 O5a-HLV
2733 H1,L1,V1 12.05698516261292 2733 0.0 24.81161838655585 0.2732977030455317 0.21346133021517533 77372.05899626168 0.15501828225679715 3.945396559510357 135.6766200750135 339.75242984138725 89.44710522326973 9.387039509387144 26.03729794176863 16.011249239560197 67.40699527002721 437.4128275703851 45.284364362843405 120.5873118561559 294.72049242328853 110887.25179882461 536467.1103035365 4313700.200988154 4.0542013 -0.76078035 2.1693114 268.29209 1.5364603 1.2722025 0.070294613 -0.02724149 O5a-HLV
2735 H1,L1,V1 13.68352832454912 2735 0.0 0.5352136233622001 0.11075669347370712 0.045883959410053334 47483.71252125445 0.4244273643776746 0.29341003749646766 106.38577849045396 507.58301253048637 115.03322015192315 13.71335885635827 36.07095366701991 1.0228841521304104 3.2072710799966986 11.053507818696286 58.09957055157042 154.74138699477464 378.212859314507 16841.52655632584 62182.249866990554 290369.20705354144 5.236917 0.84923673 2.1052533 314.42542 6.9643749 1.9045391 0.0018699173 0.023119937 O5a-HLV
2739 L1,V1 12.26455678983238 2739 0.0 38.437026158028374 0.21654581535366446 0.8402934444421422 511110.07646549324 0.3359764638333617 16.18479622057792 134.02649600151926 328.79853488861437 88.56052853912163 2.3049232374870385 29.7442239423505 34.811255139739856 148.95177542239418 3588.6278025162424 45.43611876029519 120.78730897583972 291.23711334153813 231686.72024108164 1188206.048205474 24502916.09507364 4.1110091 0.28205368 2.984701 417.35131 1.9093575 1.7708144 0.037411132 -0.11796409 O5a-HLV
2740 H1,L1,V1 10.09286011698694 2740 0.0 614.5727717058137 0.8862845521501056 0.8335533072061861 15172348.372916387 0.9013512308181598 11.872121649226445 134.90922061074525 441.6565896126292 123.6923558184182 9.259365308235436 12.821055456734191 14.327388859963259 70.95106484338768 670.2900631347131 61.87856023964275 165.05423712023685 406.52683576636775 177019.7930664548 1212362.2518175528 15009173.344703745 6.1957621 -0.36117238 2.699282 559.97493 1.6961908 1.3732479 0.03537947 0.0079207755 O5a-HLV
2747 H1,L1,V1 9.442637719647218 2747 0.0 107.79677755679637 0.5176633224157198 0.22645875862087828 2760465.1880180663 0.22014112869140232 6.544587245240502 121.896164403297 972.6611261290816 348.9639356011447 6.496498258110099 7.9375024836631365 27.611634101701274 101.41029336003778 1092.0045313779756 166.6462734639356 446.5004073665234 1128.582061171985 2375107.2864729934 12172007.571301866 237792765.1768688 4.8880535 0.0922545 0.89904803 707.49896 38.86775 2.6908098 0.078736081 0.061621026 O5a-HLV
