data/ultrasat/observing-scenarios.ecsv
# %ECSV 1.0
# ---
# datatype:
# - {name: coinc_event_id, datatype: int64}
# - {name: ifos, datatype: string}
# - {name: snr, datatype: float64}
# - {name: simulation_id, datatype: int64}
# - {name: far, datatype: float64}
# - {name: searched_area, datatype: float64}
# - {name: searched_prob, datatype: float64}
# - {name: searched_prob_dist, datatype: float64}
# - {name: searched_vol, datatype: float64}
# - {name: searched_prob_vol, datatype: float64}
# - {name: offset, datatype: float64}
# - {name: runtime, datatype: float64}
# - {name: distmean, datatype: float64}
# - {name: diststd, datatype: float64}
# - {name: log_bci, datatype: float64}
# - {name: log_bsn, datatype: float64}
# - {name: area(20), datatype: float64}
# - {name: area(50), datatype: float64}
# - {name: area(90), datatype: float64}
# - {name: dist(20), datatype: float64}
# - {name: dist(50), datatype: float64}
# - {name: dist(90), datatype: float64}
# - {name: vol(20), datatype: float64}
# - {name: vol(50), datatype: float64}
# - {name: vol(90), datatype: float64}
# - {name: longitude, datatype: float64}
# - {name: latitude, datatype: float64}
# - {name: inclination, datatype: float64}
# - {name: distance, datatype: float64}
# - {name: mass1, datatype: float64}
# - {name: mass2, datatype: float64}
# - {name: spin1z, datatype: float64}
# - {name: spin2z, datatype: float64}
# - {name: run, datatype: string}
# meta: !!omap
# - effective_rate:
#     O5a-HL: !astropy.units.Quantity
#       unit: !astropy.units.Unit {unit: 1 / (yr Mpc3)}
#       value: 4.7873491238872106e-06
#     O5a-HLV: !astropy.units.Quantity
#       unit: !astropy.units.Unit {unit: 1 / (yr Mpc3)}
#       value: 4.7873491238872106e-06
#     O5b-HLV: !astropy.units.Quantity
#       unit: !astropy.units.Unit {unit: 1 / (yr Mpc3)}
#       value: 3.7173173799253835e-06
#     O5c-HLV: !astropy.units.Quantity
#       unit: !astropy.units.Unit {unit: 1 / (yr Mpc3)}
#       value: 3.4054678165385202e-06
# schema: astropy-2.0
coinc_event_id ifos snr simulation_id far searched_area searched_prob searched_prob_dist searched_vol searched_prob_vol offset runtime distmean diststd log_bci log_bsn area(20) area(50) area(90) dist(20) dist(50) dist(90) vol(20) vol(50) vol(90) longitude latitude inclination distance mass1 mass2 spin1z spin2z run
[from data line 2963]
5442 H1,V1 8.063101476622005 5442 0.0 998.5496143899229 0.3391732024291481 0.3998447616994326 23455377.85875886 0.31679148298025445 34.955814757420654 98.98426004697103 618.8398495289832 269.78496549959647 2.5354822253140177 2.671598997513749 264.05535834679387 2884.056743500953 15277.80801621938 151.4538414915479 392.6031778986509 881.8801087144368 3940893.471885117 137996760.70826057 1177876926.0651195 4.0715979 -0.67038101 2.6308354 520.14786 1.9605769 1.3797555 0.024796588 -0.090830426 O5b-HLV
5443 H1,L1 14.76136281280529 5443 0.0 53.40005817655705 0.20667244717370345 0.42466266733230074 544017.6826349917 0.07970848021961656 15.596963324185365 53.88206155505031 591.90035691915 157.1745784737845 8.741378947882204 54.53455299552509 51.25488168342781 196.58591092346168 804.3381770877796 80.2084643098757 213.3671289481439 517.9101898305653 1675545.4509419906 6846372.1478817165 30704274.152140345 5.439197 0.63818248 2.3210705 559.4982 8.7114546 1.4712616 0.027785212 0.058269619 O5b-HLV
5447 H1,L1,V1 9.271880583601446 5447 0.0 12.707430347025499 0.1445256974395219 0.8342595497247729 818160.4338974777 0.3773070326777932 1.3309114523993122 141.29952519200742 456.1972331805051 132.96337927839997 7.535839749108646 7.0701776998452175 19.19255170358092 85.58027665904882 520.8524634190778 65.85325322557702 175.6295226744005 433.393975688312 273766.8188744598 1495941.2424064376 13254619.797376903 6.1056994 0.63333212 0.048231766 581.83022 2.2379947 1.3358027 -0.036095289 -0.053144947 O5b-HLV
5452 H1,L1,V1 8.074859332709075 5452 0.0 921.7542458530613 0.7515993473789434 0.6360010727235487 61380323.68525382 0.6600169922663319 135.89031390078623 133.06645191833377 809.2398800039726 236.07708356343232 7.839449755152006 2.7796250802066806 120.27190361512142 430.03301183171317 1635.8805001732733 120.88053696841575 321.4334147707807 777.9081929632496 8731787.649938924 35061706.51104424 173230849.88314593 2.4069345 0.36641432 2.6448465 888.07053 1.7344622 1.3788207 -0.038707403 0.20014102 O5b-HLV
5459 H1,L1,V1 11.64038820721688 5459 0.0 145.8272708554275 0.5352253553085509 0.08527539417250189 4781583.319137843 0.5124250134132291 142.98758944792772 143.92034803330898 600.3187631546955 160.12333449627545 9.551701811649078 22.17015425876429 26.75204550497069 128.82118589866195 513.0881476673022 81.07144879399868 215.90017243272268 527.1985437182675 888441.0309563685 4557203.708583246 22995195.20232114 0.85740393 -0.47615535 1.3498474 382.34261 1.9583248 1.6172668 -0.081646359 0.24827183 O5b-HLV
5460 H1,L1,V1 15.44407211670658 5460 0.0 0.7081540131469247 0.009391897726560633 0.6320613709549439 142037.8534081495 0.15286409935099432 0.7319759546342759 140.32029399368912 496.8782069663499 128.19929514809922 15.536104126453019 56.186398998826846 16.39879833261299 47.323378595960406 162.37140108288864 64.12310189013385 170.55382053419765 417.6731363046578 200213.3431110074 740423.1599006335 3729180.889769717 1.1371263 0.16005667 2.7026101 533.28034 11.108308 1.3933827 -0.042488138 -0.0050786181 O5b-HLV
5468 H1,L1,V1 10.16640632266751 5468 0.0 18.33332056258176 0.13990287450047792 0.4102094058651457 72550.09310403108 0.06687864397625515 21.761376548523263 126.550210740068 409.84745395994037 126.75144608756936 5.754623465664208 11.284940966427405 28.943652450617595 119.3151993916068 705.9911929770536 63.004937650705074 168.10420462500622 415.0146798917539 308603.6382238713 1591195.7390682718 13199877.757433722 4.2604369 0.60303677 0.62169308 375.20528 1.6241591 1.2648597 -0.062650223 0.15038395 O5b-HLV
5476 L1,V1 8.35810391335562 5476 0.0 3189.3158518021864 0.8358755329498165 0.020803144627968038 60043680.96147594 0.515809468019806 29.475358072764326 113.44342632126063 750.4317279262193 291.30257676595 3.9019155833220793 6.212109940374976 225.2743531832185 986.5134370680316 5756.606417633352 135.530757881588 365.76953253827105 949.9151544806112 9694051.497666717 55893288.890320346 752408315.2123034 2.8959789 0.38556044 1.7242303 271.85489 8.5288519 1.4731048 -0.12289318 -0.16708319 O5b-HLV
5479 H1,L1,V1 12.92285037267558 5479 0.0 4.714469772709689 0.07911282743900418 0.4202079734147723 25000.690440450904 0.04802445270514829 0.9426922880000647 151.01530734600965 449.2510708630786 118.87639602926012 10.691619708366815 33.839727697759976 14.519047747031127 88.6607707065018 524.867118858134 58.70744512804191 157.11264403455425 390.9337081094748 158632.11581353837 1254764.6384125582 11493083.877676442 2.1945492 -0.17082987 0.65412334 418.14669 1.7718917 1.6029042 -0.032043789 0.04683511 O5b-HLV
5481 H1,V1 9.215189199397793 5481 0.0 10736.244309540465 0.8775092152832928 0.42011957647549625 325672703.51920676 0.8099930880331545 123.74480100120493 133.50127206835896 564.0412890429824 186.40094798438145 1.8326105193586102 9.715113484756564 1044.44113906983 3290.2206285658576 11941.695231883183 96.37200821001295 256.09719973136725 614.5865371595719 32695450.514805045 117163500.48122638 474010741.84350944 6.2337527 -0.48132392 0.53160318 520.6816 2.063894 1.5466751 0.015236455 -0.001619762 O5b-HLV
5483 H1,L1,V1 10.48008825259174 5483 0.0 1059.3984036676313 0.8423435117610949 0.47409735283279325 504000714.4445778 0.7506299436324774 132.44695902543762 129.32543352805078 1904.730745734309 583.0472541134964 11.048489589952002 15.805911602103816 55.802466295571406 269.66374576533667 1392.2851857191674 299.99004056982767 796.421912155412 1919.2842148403936 33315122.88247391 172542965.0548883 1051584284.4313492 2.0014042 -0.25532371 0.64933662 1852.9879 60.431239 3.5393722 0.28998869 0.26919436 O5b-HLV
5492 H1,L1,V1 8.68358202793605 5492 0.0 26.109900743991627 0.2191811914575526 0.21151402950978876 138949.7176847863 0.05426409020106182 5.4322461569429095 132.62027995102108 620.8068164156847 234.5246307247745 5.026090182575496 3.855552349143542 23.33566478123807 113.40618996167814 1566.4543620028571 111.58581891398956 299.9360293283034 774.0427989452614 692806.3033126757 4547211.817898311 118501994.81242242 5.4761692 -0.63915706 2.123005 432.98083 2.3927798 1.3138647 0.11493795 -0.072759468 O5b-HLV
5493 H1,V1 9.997233216810208 5493 0.0 1162.211875206034 0.2628144836053571 0.729168044027169 20075356.82722511 0.3481935690305307 39.348888463288205 137.08586674649268 402.7170579726609 123.94027935809336 1.6215070029893877 15.373890007856597 844.8169864823241 2664.730589868436 9776.169802752422 63.47152314685536 168.97443510939632 409.1686928564301 9310903.953292534 35779536.61942541 154414657.42092058 3.7109499 0.3429574 0.38638644 477.23886 1.6417262 1.2608419 0.047651132 0.0080048634 O5b-HLV
5498 H1,L1,V1 10.45172351932225 5498 0.0 900.5620813114465 0.7139375267621354 0.1296563851356732 232284468.80215085 0.7181973498631122 107.24895028618909 136.81472039036453 1227.0293843308514 368.1279932571559 9.520939715542092 13.78826064507308 113.90759133306393 440.40717515839344 1819.9085365835315 187.23761635420942 498.22296851804947 1211.0961344512107 24162566.16249143 105440459.52681978 515733857.67932206 3.7129672 0.13280869 1.0071378 812.95395 41.853703 2.1910037 0.050813786 -0.18772416 O5b-HLV
5504 L1,V1 8.560877204575844 5504 0.0 447.7631597201598 0.16002586930948196 0.22376585043784922 5450024.899642642 0.023656962710309266 9.715418456623443 113.64990646194201 1210.6502779029338 430.75067089333965 3.0681874809476444 7.197421203652704 605.5163225291815 3428.5057709032744 13677.92925480802 219.41952089017695 583.6242920528746 1414.0891543062307 108525465.18294069 818118404.805009 4094471904.264256 3.3605943 -0.0028795811 2.6575576 869.77592 9.4431677 3.1485104 0.12175806 -0.0053988958 O5b-HLV
5507 H1,L1,V1 8.711643155656041 5507 0.0 8.3929364521117 0.08501161561796909 0.17363410583923605 574896.2742653325 0.04910578833168468 1.7476919471282226 130.45437345001847 1169.3433002603642 421.72232653103583 6.869877850607417 3.535722110557985 23.755064624188222 123.60520718340587 1834.2495266984283 196.30964705455017 527.8879215830555 1370.7117041870908 3502442.037748415 25846640.73200879 595263110.6402715 3.2266554 1.0035825 1.5685746 788.98713 10.801972 2.3587441 0.10391619 0.10271381 O5b-HLV
5508 L1,V1 8.956882004711023 5508 0.0 372.0169082398577 0.14568900290463427 0.5223794249824474 20930182.919039425 0.10730074613545273 39.606820513261816 125.8674434190616 890.7246725646269 306.7767314947205 2.8462393921378606 9.499511660185512 565.6817322180837 2839.043987294731 12850.965058753456 158.52695503605037 419.97157862500285 1004.3238413807289 51636271.70592777 298121448.4976455 1715807207.3930314 3.0005598 0.39443917 2.4368233 886.5058 21.103649 1.4346807 0.031340854 0.21361188 O5b-HLV
5515 H1,L1,V1 9.345246425339607 5515 0.0 20.19550333789365 0.05745201263798575 0.3036562932476924 446010.6152682122 0.0269229009114644 1.9266073166031872 133.64267274644226 737.1138689652631 222.8282884463343 8.21007189726606 8.029189015979584 126.86706442349069 579.840440972334 2028.922878640636 114.27337185899523 303.8846997542713 734.325874339879 7955347.993702703 36672485.305498436 162760477.14874867 5.7234702 0.56952313 0.96345124 617.32805 1.7612271 1.3899339 -0.094253103 0.028411936 O5b-HLV
5528 H1,V1 8.293370693910012 5528 0.0 19.72340066246245 0.004259299446125328 0.08309318349433327 8538686.333653465 0.013115485064270304 43.2938880249762 121.01218693424016 1192.8648537925292 432.1923756883164 2.3122487823600464 4.517731433314871 1323.3272783853786 4320.923865134931 15534.20201784445 226.08529441138444 599.4955175613433 1432.098000318453 289505679.38102347 1098833594.39002 4230432249.3484826 5.6906516 -0.70966391 1.0825405 607.2968 9.8523106 1.9733474 0.028781389 0.048964731 O5b-HLV
5531 H1,L1,V1 12.50671639068497 5531 0.0 618.349593109241 0.8394830362148876 0.942801431046478 12452048.948420553 0.8997280344788214 132.1333802050382 116.5891388207674 386.81122226775096 117.70311983431705 9.829183925738665 30.230970519271775 52.285486282075745 185.54665671331477 810.8666703724448 60.28674056270853 160.25782178487555 387.24520706906145 362720.21872269077 1856724.9374048428 12474074.966347601 4.816842 -0.79070384 3.002836 580.35693 1.4837602 1.263622 0.28285073 0.020831384 O5b-HLV
5535 H1,L1,V1 8.376085710628974 5535 0.0 144.62078624044412 0.2583685718055404 0.6351323248685564 24628646.135499112 0.2632501803928595 60.280566304997805 131.14263999462128 1106.6538160044638 387.9491523457493 7.663516125265332 3.2721811224724315 95.37686740846316 498.68867922237104 2687.3675076612267 195.50667197391294 520.8656870012791 1272.2525844461097 14356922.772135537 94902838.82476169 731086827.0701741 1.916699 0.014439839 0.29829736 1216.6734 10.580876 1.597172 0.31440813 0.10094694 O5b-HLV
5546 H1,L1,V1 18.54697782681648 5546 0.0 20.903657351041144 0.2438188353205373 0.8735886237374079 372804.17033394205 0.48864784868520733 8.910265803621055 142.54821858834475 318.2693672220523 81.01081828505724 12.099405334014168 91.84825545926806 15.93798397012098 60.79273188035033 271.8990397856225 41.09419938862885 109.59215505322481 268.01588234896667 90033.2878517419 390281.6567194875 1987407.1127479456 4.7246261 -0.63654502 2.9360945 410.90723 2.2888165 1.2607423 -0.02813342 0.087534795 O5b-HLV
5547 H1,L1 12.29147177669361 5547 0.0 53.29514647091 0.13214538765230052 0.5898988628920132 626279.7155104259 0.08213480476528126 7.753807372929679 35.97215568739921 488.1949336599415 143.41586241187827 7.139942107815109 32.74496867693323 86.15472471195616 311.73158540762694 1448.809069172593 73.9341553474249 196.16318282967313 472.2592355022395 1747431.8844185944 6563571.894207807 32391106.29889024 2.369475 -0.39653866 2.3474697 518.10446 2.976753 1.5827099 -0.27800117 -0.088053223 O5b-HLV
5560 H1,L1,V1 9.155142307546127 5560 0.0 1320.8383741508862 0.8909760566796299 0.4417489930943129 93641768.12062658 0.7930219849690237 87.8828253775767 136.74903012346476 839.681992020609 258.59203169742193 8.048227537449264 6.705875461306434 76.08623663058766 343.7114522301275 1382.5015360070527 131.99599649382878 351.0181810211991 850.2376097449148 6032660.21894414 30424508.420836087 163460095.03528628 0.33708684 -0.14948982 0.27478172 790.75997 1.9951453 1.9745646 0.013370593 0.065428525 O5b-HLV
5562 H1,L1,V1 8.847762487920404 5562 0.0 66.98612405841783 0.15763120874179376 0.9559742663054911 600005267.3291379 0.7619777399343934 31.32536011455107 123.69664185959846 1537.0142502633835 527.5399739610522 8.87745280078844 5.997507019493129 104.39764796193201 541.577320145775 2203.201250157972 269.2100763091614 716.115307904239 1728.7982160269903 28854356.51310018 204733439.24100128 1239739225.2092352 4.9725773 0.56819875 0.43169673 2511.6913 9.5322182 3.0518374 0.050816902 -0.046618001 O5b-HLV
5563 H1,L1,V1 8.142523473082031 5563 0.0 8699.278632612775 0.5657924528531842 0.28649549119410045 3966276983.0297036 0.501566191525874 50.603210570230054 113.34866050537676 1877.1278947017356 568.82288120671 4.213959291087093 -2.6648993456629984 1260.552458839063 6609.648747942759 28355.012832770677 288.6331817731482 770.4375412107261 1884.844414297855 570040030.787351 3936630923.9071393 19925705500.02509 4.357145 -0.056112481 2.8132558 1564.1186 4.5796858 3.3662164 -0.019167142 0.33619591 O5b-HLV
5583 H1,L1 9.63423261309806 5583 0.0 183.96267585970995 0.2687831010964268 0.794989657387523 70797548.9561837 0.3626427756653997 176.85923639588773 58.23134404886514 1291.0258660496422 399.8550698214068 7.017256707147826 14.982436004766928 129.53114726050242 428.0010648544429 1711.4698506513187 206.26640343103895 547.8053152643133 1316.0247513562954 32304067.249501426 116157876.32516073 507406313.44783 2.9613194 -0.63487898 2.7963466 1620.0403 11.312773 2.2612872 -0.00019358378 0.10321405 O5b-HLV
5590 H1,L1,V1 10.79357299651981 5590 0.0 216.69512802292982 0.7871950626682578 0.3959435246735383 22215039.50985349 0.6759632683958589 9.085285987363688 138.36227760394104 1021.2896448334177 289.6801778917593 9.500807816368663 16.405981990654944 15.074453824257276 76.72117212497821 419.4591302753494 144.57266905289725 385.48432082156205 951.4469207848786 1900791.9061812852 10729498.412937807 77851589.60686289 3.6387738 0.059898341 2.3874844 942.56362 8.4638535 1.9532882 -0.072714491 0.055573741 O5b-HLV
5594 H1,L1 10.98722145508378 5594 0.0 388.59295773272 0.582545491739624 0.5483756046155047 7632806.867963247 0.48692627883092693 151.71915016252294 60.8567864773795 527.0639270667016 156.38261881396602 6.8496818474826355 23.429521924535862 79.63975948125137 298.63748950338805 1112.7314691372653 80.81760747609542 214.6697562809 515.3570358804435 2069206.3748969608 7981730.114509232 32167509.656356867 0.67375152 -0.49574256 2.7247054 542.78972 2.025797 1.3742254 0.04664976 -0.040342903 O5b-HLV
5595 H1,L1 8.744081256372205 5595 0.0 2229.163921680525 0.8432645312568889 0.5239882984467066 345504466.6993817 0.7881811565855478 107.65842304745507 61.127599108964205 1103.5772877282825 376.3306889245084 5.337872180549002 10.098270845994879 178.51036002646558 684.6787076900558 2798.4382986875717 196.34967575962355 519.3050924866872 1234.5350532573639 33498219.5952412 125182965.65729755 564587460.2342359 2.7076419 -0.56605677 0.69068595 1105.5543 9.2125684 1.9051793 0.0051516191 0.079574437 O5b-HLV
5597 H1,L1,V1 12.08329928386507 5597 0.0 1.747435597256053 0.06320664739643414 0.39679154984658027 2939.3739199063743 0.045916777762122 1.2092842497548923 141.16631129663438 275.93194857302393 71.44231481968411 5.820915218801346 24.62723824053416 5.992350925720069 19.026448019250008 78.08812336515449 34.738587349703124 92.96461843186736 233.42713560736496 16188.79028636506 64816.93963639126 450775.08521336375 0.61344845 -0.53730687 0.78793178 254.06746 1.948233 1.7102149 0.065512437 0.020780052 O5b-HLV
