data/ultrasat/observing-scenarios.ecsv
# %ECSV 1.0
# ---
# datatype:
# - {name: coinc_event_id, datatype: int64}
# - {name: ifos, datatype: string}
# - {name: snr, datatype: float64}
# - {name: simulation_id, datatype: int64}
# - {name: far, datatype: float64}
# - {name: searched_area, datatype: float64}
# - {name: searched_prob, datatype: float64}
# - {name: searched_prob_dist, datatype: float64}
# - {name: searched_vol, datatype: float64}
# - {name: searched_prob_vol, datatype: float64}
# - {name: offset, datatype: float64}
# - {name: runtime, datatype: float64}
# - {name: distmean, datatype: float64}
# - {name: diststd, datatype: float64}
# - {name: log_bci, datatype: float64}
# - {name: log_bsn, datatype: float64}
# - {name: area(20), datatype: float64}
# - {name: area(50), datatype: float64}
# - {name: area(90), datatype: float64}
# - {name: dist(20), datatype: float64}
# - {name: dist(50), datatype: float64}
# - {name: dist(90), datatype: float64}
# - {name: vol(20), datatype: float64}
# - {name: vol(50), datatype: float64}
# - {name: vol(90), datatype: float64}
# - {name: longitude, datatype: float64}
# - {name: latitude, datatype: float64}
# - {name: inclination, datatype: float64}
# - {name: distance, datatype: float64}
# - {name: mass1, datatype: float64}
# - {name: mass2, datatype: float64}
# - {name: spin1z, datatype: float64}
# - {name: spin2z, datatype: float64}
# - {name: run, datatype: string}
# meta: !!omap
# - effective_rate:
#     O5a-HL: !astropy.units.Quantity
#       unit: !astropy.units.Unit {unit: 1 / (yr Mpc3)}
#       value: 4.7873491238872106e-06
#     O5a-HLV: !astropy.units.Quantity
#       unit: !astropy.units.Unit {unit: 1 / (yr Mpc3)}
#       value: 4.7873491238872106e-06
#     O5b-HLV: !astropy.units.Quantity
#       unit: !astropy.units.Unit {unit: 1 / (yr Mpc3)}
#       value: 3.7173173799253835e-06
#     O5c-HLV: !astropy.units.Quantity
#       unit: !astropy.units.Unit {unit: 1 / (yr Mpc3)}
#       value: 3.4054678165385202e-06
# schema: astropy-2.0
coinc_event_id ifos snr simulation_id far searched_area searched_prob searched_prob_dist searched_vol searched_prob_vol offset runtime distmean diststd log_bci log_bsn area(20) area(50) area(90) dist(20) dist(50) dist(90) vol(20) vol(50) vol(90) longitude latitude inclination distance mass1 mass2 spin1z spin2z run
[from data line 1247]
2182 L1 28.13660891922004 2182 0.0 3849.0006569380416 0.26876697833901786 0.8299595179955088 9663622.903024714 0.623147178875292 24.41531024303818 25.38056718558073 157.52586364863484 49.13192013066207 -0.00035230649911 253.02758154295685 2759.9981374362187 8320.117086545468 24674.075594640002 26.41771853455839 69.50896811221413 160.74792692892635 2734151.8123529516 7331926.605795715 18616334.863521814 5.4041327 -0.86218028 0.52020889 205.66812 8.1948624 1.4693098 0.0046707536 0.039723081 O5a-HLV
2183 H1,L1,V1 10.32569658872881 2183 0.0 262.2792641284724 0.912009970126094 0.9557414328408327 4912767.333179656 0.9192972478292312 19.537414583644857 134.3595199547708 367.9490989866147 112.13927280033543 10.497714964438877 13.99968916654603 12.621891741062692 41.24259382773694 221.57765605372362 51.49793627278626 138.33626993555242 361.088161997257 83257.42917700685 303314.1013057058 3258988.7242897195 5.2319435 -0.21916736 0.27739243 580.10898 1.5406746 1.4053401 -0.049984279 0.13239635 O5a-HLV
2189 H1,L1,V1 10.85471787306168 2189 0.0 447.6582480144695 0.6537254615345616 0.7381629851647433 81639385.35322133 0.6503534327945195 27.141096149015826 143.56855051778257 1100.8436885567944 308.1672808046387 10.557553534841876 19.30448080034066 74.37509477475267 282.035177623889 1029.811797349047 157.236912868829 418.3368250790926 1015.4583455700665 11704388.846955372 48446383.98891136 224127279.32693753 2.4847838 -0.94646462 0.59096192 1295.1124 27.544926 2.0399607 0.016859848 0.023824391 O5a-HLV
2191 L1,V1 8.821396225414482 2191 0.0 936.2320612329298 0.885313916551255 0.12124453056682241 15913783.253206275 0.8565393471522637 35.04153435625711 117.5573412552476 419.2940450806394 141.8566571317753 1.152442947367236 6.007175167300188 53.84782052465397 195.76030656379493 1045.7784331239711 68.35877462339187 182.98139272316774 469.5598443857472 608613.2888283401 2839847.5923161143 22766853.884749733 5.5663227 -0.54973297 1.9507088 264.01588 9.6061924 1.5083061 0.23795269 0.040338271 O5a-HLV
2198 H1,L1 12.97627110373135 2198 0.0 166.33750931026663 0.6340734067117109 0.8093707860861981 599281.654852288 0.6653647734033192 16.086826527595356 64.052599218674 243.913173007002 65.00432794340047 5.17940403437041 36.818567659478894 32.43175291930082 109.41051444127332 441.48838667966885 32.99262941182255 87.79316927722945 213.9652101203936 82627.12167053344 328714.1091762058 1640631.8190344463 5.443189 1.0010533 2.8434574 300.60714 1.5798047 1.237288 -0.044821567 0.22545499 O5a-HLV
2205 H1,L1,V1 8.435054220272301 2205 0.0 79.62798458941117 0.20114824722363214 0.21739619588221265 2275393.7983261435 0.10498698781315532 3.913415837133261 140.17387358937413 793.1217378005629 225.6259218801021 6.594022256495801 4.68192284501967 79.03420430847932 317.2775337082653 1231.2940044478073 115.23450531788592 306.5338281980569 743.4716588991978 5501168.776222964 24254429.466839492 122454480.16617914 3.9623529 0.48022642 2.5389474 614.15326 2.2818944 1.5875143 -0.009363853 0.024658475 O5a-HLV
2209 H1,L1,V1 8.854082123571752 2209 0.0 406.2705801349772 0.6257188491831214 0.8360335994957306 165189194.24541456 0.7071029497952568 153.68226875290998 126.39210623595864 1350.2655522809825 408.81445239676304 8.777969230366361 5.994098369817378 75.74750086515907 274.8675375211711 1091.0118708650778 209.56473594700287 557.0183364130519 1346.028434628222 19224846.418870836 77864059.5954701 402731979.4309952 1.0264674 -0.40345223 0.55840026 1752.692 6.6249666 3.0594985 0.29968874 0.034457764 O5a-HLV
2215 H1,L1 8.625569750827635 2215 0.0 1882.5356462084012 0.8665199941837312 0.461721854463638 136247980.64093488 0.8475604171067912 21.48232327485454 58.0260832067579 757.8337609491748 250.88489265699894 4.887696106792388 9.189702242995486 131.42795365149024 459.33601914052247 2248.0074167403677 129.42769361801857 343.61242231090137 823.665804908613 9217497.750432694 33784009.21385116 183710825.2320338 3.0010437 0.0066323141 0.75428388 721.38071 7.639855 1.5064901 0.052578813 0.076510643 O5a-HLV
2223 H1,L1,V1 8.76250610645588 2223 0.0 634.2961723683087 0.2211259972283448 0.03874395022110466 34479132.178168155 0.20233260498476996 27.41576547257821 123.3931610379368 843.3678879377842 274.8970000951562 2.9293396792440727 -1.2716724912719255 528.9357826450856 4233.415488986294 24574.880812498846 142.20825285841374 378.67990816450674 914.9838982831512 33532505.89739205 393616686.8998802 3049601924.6775546 2.2837933 -0.94080988 1.1459008 349.73231 1.8762486 1.807949 0.21680022 0.28567145 O5a-HLV
2224 H1,L1 16.60610155007967 2224 0.0 177.77288522626577 0.705774349662477 0.8004816885372045 456818.0639610082 0.7086407607095397 3.5775251039408187 43.066613256931305 231.5488560816666 55.792788843226646 7.312048168357755 72.10550816479399 30.958082296738258 98.99794441065475 346.1868920990576 28.163996766912533 74.98150621932132 183.2717988380521 63422.30786225574 230255.10253124786 988449.2105920048 4.0660346 0.10069731 2.8577433 278.37865 2.2525336 1.5523438 0.0060750183 -0.05949668 O5a-HLV
2225 H1,L1 8.902434316778855 2225 0.0 648.1445175142752 0.37393905429634783 0.8812539940148483 131267584.27118866 0.7023109381465673 6.655628825839141 56.853936079889536 748.036970849221 259.3554243882947 3.743608932266639 9.071713069798733 291.9931259110188 1003.1535643162479 3693.2156982662395 128.9890867693349 344.19251900258257 848.0166298723217 17252623.648371167 64627144.96684506 324862624.64915365 6.2221051 0.098285612 2.9034559 1058.8755 5.6206619 2.2016636 -0.036247616 -0.021671586 O5a-HLV
2234 L1,V1 14.74644364204791 2234 0.0 31.748904922752136 0.48514456540422285 0.8693634208737938 536010.70651614 0.7319456839432904 5.511981110818067 77.86354730802123 336.6181033861447 83.69004584223669 8.16751730432869 50.68481883620838 10.235120680572443 33.23841252645126 128.244119483338 42.17621606120872 112.38721121169448 276.06821458970046 59063.26902121084 229633.94148461684 1200996.2737040624 3.9575667 -0.40500685 2.9175496 430.63306 9.6909743 2.2918348 0.15480011 -0.0035967213 O5a-HLV
2238 H1 18.24599161566929 2238 0.0 21465.774269920676 0.8507310508725926 0.15344087409081164 1273235.1956492902 0.015314825322931748 111.69931553238295 28.782827679999173 294.02824461772275 94.0857200426893 -0.00027659283327352 97.56043176705626 2832.655277719597 8517.420099487921 25013.06625089595 50.54165932402299 132.91203833205512 307.7045964830321 16851712.75038032 45159007.67556392 114257456.88515249 6.0821678 -0.1375673 2.3895377 194.98318 9.2162665 2.0424113 0.0091425873 -0.3165921 O5a-HLV
2240 H1,L1,V1 12.17132117918847 2240 0.0 336.1895607598561 0.7957500076274823 0.03369911049754996 248699.61806341453 0.05170281419643372 45.259436383207415 111.30949834396597 768.5546898080919 241.7560677411603 12.352794220524569 25.797257108671822 25.141499596011037 97.83021690892546 555.3938957011201 118.87006907492878 318.56563839666455 806.1479551695784 1281983.6184872969 5840937.307852291 46669196.74577396 2.9898972 0.3268747 1.6333093 336.33446 8.8956397 2.7280838 0.032523939 -0.0838688 O5a-HLV
2262 H1,V1 13.36817188541257 2262 0.0 29.047428502230176 0.1608606691165421 0.1117083857612004 2198588.06253586 0.45525738872824645 155.29791088591844 117.83999302692246 509.10001574074954 119.25892588044758 6.522873593816556 38.274431849850686 37.764313950439146 131.9409990664439 474.3157363592001 59.499927577891185 158.69573154713595 391.23223257120327 635388.5355808486 2580682.9112159233 11296887.324882735 0.4473579 -1.1971566 1.0350462 365.53958 10.290005 2.2792189 0.12541391 0.02508065 O5a-HLV
2267 H1,L1,V1 8.702442090410004 2267 0.0 28.798263201308693 0.10104147752322727 0.5101929617971427 1214258.776553284 0.09036514719468482 4.496133313021803 138.03771159704775 767.1794362632864 229.1195715071895 7.720417470555779 4.849710910768254 74.93919435334027 323.0596551591314 1343.9738544036409 117.45076320940746 312.2149238141435 754.3898060128263 4325070.40450288 23063218.854567382 125196259.45643789 3.784395 -0.27096342 2.7295755 765.97582 2.0614842 2.0004667 0.11725525 0.2749207 O5a-HLV
2274 H1,V1 9.732158105957753 2274 0.0 4.524317306216431 0.04107203725151788 0.08116501064315489 25910.168485225746 0.052860408631403316 6.3595484228409775 96.85393011011183 311.53939845973247 102.10092046598237 3.989961724446392 10.111547469017975 26.150403781007796 95.04599683628958 386.1383385762204 50.400880388835446 134.6094804113816 334.9923526809298 136686.25162429851 589037.1361199901 3584956.7421376356 2.1194976 -1.4270469 1.0883731 175.45202 1.5820753 1.4516988 0.26837362 0.012269619 O5a-HLV
2294 H1,L1 8.27755221573085 2294 0.0 8.288024746460298 0.007563461417058433 0.4988300168385585 1619428.7382957817 0.005139231415226838 2.9565722438395454 52.652932193130255 1398.855774735665 496.8716388618767 5.21856900385672 8.062268933342692 266.4835148636489 1038.9703208664548 4326.916808179417 258.22315204100573 683.5080779888599 1625.035233692602 82499099.36529218 330864435.96954954 1700496107.84089 1.2666978 0.92356811 0.76166219 1366.1514 46.008269 2.4737264 0.40566068 0.0077156991 O5a-HLV
2298 H1,L1,V1 10.78720629067873 2298 0.0 0.6565177830216306 0.05811886225710368 0.8306786702594613 37848.12707508909 0.3824687287559481 0.3843622911250795 107.95916041731834 360.5038122669619 80.20090419322204 12.565897126451262 15.988965559111222 2.4688293488905897 7.892694730769835 29.73691804976247 40.34893127371953 107.454933845435 262.616066719578 15409.262507526499 59159.08597001438 313925.2341415226 3.0420788 0.29835246 0.1433039 436.53169 2.4855628 1.3921477 -0.028069936 0.092310169 O5a-HLV
2303 H1,L1,V1 10.28722714065063 2303 0.0 174.62553405673742 0.31867883833516286 0.5650681012135494 14592726.849270329 0.25570645262170955 41.25136350793176 122.91808979120106 946.9923557955483 294.7391097447704 8.086393440047988 12.853814825401098 93.86718291991045 363.9654511783109 1497.3692517826591 150.16983700258413 399.58661473915197 970.6127319907008 10278533.344116291 45399107.24524825 240904258.83788082 4.3328473 -0.53621259 0.47016833 987.33429 9.5019652 1.957482 -0.042341542 0.0073299415 O5a-HLV
2316 H1,L1,V1 9.02431122659737 2316 0.0 20.78563168218322 0.12716937002190698 0.07661427855663398 943404.5595031386 0.08617980365017279 4.895449189358408 127.40168132632971 1042.2924205795907 354.25480191660654 8.742831383551533 6.408261862275531 40.750060814681696 369.6608271540351 2139.4191108942023 179.18324679463717 478.4630836533772 1161.0776302839674 3666377.6033843197 58404181.525909595 494094486.350557 2.8269987 0.5688123 1.1770458 574.2995 10.882344 1.8481194 0.017150297 0.17788612 O5a-HLV
2324 L1,V1 9.157854108172486 2324 0.0 8.392936452111678 0.029411277027236206 0.2683144870379347 382.1304300711773 0.00029281776004913687 5.527442708336307 106.27366660907865 360.1280051586785 124.34850444792397 2.879862177726146 9.163881624271113 70.94408163316099 334.41243835973575 7208.868663583105 59.7207778298245 160.4599523652554 408.68382713978065 460441.15300109994 2607645.2853250946 111572366.088277 2.1407466 1.4010827 2.3197823 279.91056 1.6578907 1.3476177 0.018600193 -0.0048806067 O5a-HLV
2326 H1,L1 12.49880554354093 2326 0.0 7.6060986597262215 0.010493654614879043 0.5635287939451283 209430.74276557608 0.0031058244330823665 4.9902009055617835 59.957195275463164 922.802842173051 263.5268993151382 8.104160811354014 36.35499702378562 180.4121590163641 603.3982240709751 2138.9921173053463 136.09127921926313 361.44032114725394 867.4738782472798 19262883.108053494 66953520.16923827 252063714.4891676 3.3112459 0.71250309 2.3725937 959.20553 43.145182 2.138221 0.27010973 0.016803414 O5a-HLV
2327 H1,V1 8.826393640532345 2327 0.0 6991.316064608237 0.7929357714427127 0.2555925328832766 115417363.81387793 0.6875337916876139 116.95298906439528 116.97243079263717 462.4425114944378 156.93747633644668 1.7062660540326888 8.353333674448407 836.1893734485292 2899.5718422380533 10811.770255493155 80.58265514535043 214.38160309990843 518.5041050076939 13658573.25225484 59594115.159204334 273334069.3144613 0.90343163 -1.0784388 2.0266412 354.86383 1.9901982 1.4103241 0.085125091 -0.057868787 O5a-HLV
2331 H1 8.15347263024808 2331 0.0 21600.06125315425 0.8379561278694551 0.4301769013439378 1216095951.4913645 0.756207269878131 57.18189708141821 33.95661579351872 741.8715707247975 282.3050741928377 -0.00023816483621352 11.162398791588336 3030.3219778555695 9050.315518722327 25884.9968192376 148.79952535079462 392.68842508204193 922.6244819614618 254754728.20786572 685971946.3075658 1782612134.827955 1.5587444 -0.14258133 2.7377596 668.28536 20.956204 1.425796 0.22216374 0.009574817 O5a-HLV
2344 H1,L1,V1 8.743662567520142 2344 0.0 1352.9413560802386 0.8250276387157303 0.12093579410586748 32158666.064325307 0.7069804972538113 96.12084738028452 125.63377397996373 588.3204262573041 190.05324402274226 5.883733276404433 3.8425840079809195 59.528729988134344 308.12381384408155 2219.6098148388487 96.5119982591591 256.91042129627766 624.9032881686774 1794532.3218925013 11208655.027575647 120929141.10428452 4.5694469 1.2613974 2.0352584 368.68462 2.1390723 1.25119 -0.0091051655 -0.067697497 O5a-HLV
2347 H1,L1,V1 8.496299681303217 2347 0.0 923.8524799660515 0.646997631408952 0.8594194332608781 675395656.530861 0.8290510292995105 33.29021579701978 122.29190388601273 1454.169654643651 424.71086833093443 8.172756399277828 3.1261003296310625 161.66908001603366 591.0734357800825 2231.3417195098345 217.45668443095724 578.2343748166682 1399.3861272305862 49319256.29449755 201623109.94496357 973724722.7295281 1.7349817 -0.23123963 2.81952 1915.8321 9.6961051 2.3172705 0.096046136 0.029857916 O5a-HLV
2359 H1,L1,V1 11.96992636278902 2359 0.0 293.75277582386843 0.8875742521206924 0.6410038659313175 4497301.846370426 0.8413741588105909 27.530926756342012 135.78385578817688 438.06005511925565 115.1197637320038 9.410654278738026 25.388624355210883 25.038339286678916 80.8985490028428 313.77986172133546 58.49406320839785 155.6973496077992 379.25175447883225 317898.73652039905 1218217.5497041768 6317747.504979506 5.7820782 -1.2872446 2.4579535 478.24253 2.0399404 1.8861073 0.085777845 -0.20659484 O5a-HLV
2360 H1,L1,V1 10.64857802284842 2360 0.0 80.4148223817925 0.25142810815249106 0.4889102730119883 4870968.728072344 0.16170639014652802 6.234292003383337 118.14246835105587 958.5024037067283 270.8492608023578 8.84319874815624 15.651391460214825 61.53293858417287 201.43580616927582 847.0207546634351 137.72947103911872 366.52574856924105 891.7073725527533 6348290.067903765 24557390.849664338 136658780.41878232 3.7678908 -0.88936709 2.3563274 944.97021 38.349775 1.5947253 0.17145535 0.017475414 O5a-HLV
2372 H1,L1,V1 8.013200543138227 2372 0.0 444.77317610905516 0.5102089789445917 0.7434066644847074 18356899.82139985 0.5106677969825766 6.670323685373342 140.11977830249816 621.6892422680111 186.18453651160087 7.358789933403857 3.47690527943074 125.71605710424947 429.80292005376884 1826.7006319787497 95.5438565637852 253.98210831571197 613.554513970747 4181631.492544918 17578212.26806233 101124666.08209515 3.8256465 -0.98835213 2.7559847 742.32138 1.551788 1.3499044 0.0081568267 0.21442101 O5a-HLV
2381 L1 8.507053873601047 2381 0.0 3638.3379519900773 0.2317220052307666 0.24558095398232296 1075004246.3316536 0.46608880945402437 156.65448668004595 33.05641359195579 913.6259978128289 343.4707502376615 -0.00031089599611888 12.171909960101562 3091.0891504015317 9215.567601538143 26146.132766994844 181.17270118659906 477.9241979543061 1122.143740946999 435141711.91673607 1167126839.164263 2973086091.472935 1.0449098 0.91278209 1.2310914 656.12215 10.751253 3.3728189 0.0067486257 0.065935222 O5a-HLV
